Reverse test =============================
The original arrays:
    8
    1    2    3
    1    2    3    4
   55   94   56   50   61   31   28   50   73   41   15   22   34   77   27    8   64    8   51   32   18   93   94   12   37   50   53   84   23   32   52   70   60   11   54   16   23   88   84   35   87    7   55   86   16   20   61   16   47   13   85    6   92   60   34  100   71    5   18   37   89   67   39    2   37   11   90   91   94   52    7   36   51   69   47   83   76   36   83   61   54   41   10   54   86   91   17   40   94   64   86   87   85   18   59   79   61   20   68   86
The reversed arrays:
    8
    3    2    1
    4    3    2    1
   86   68   20   61   79   59   18   85   87   86   64   94   40   17   91   86   54   10   41   54   61   83   36   76   83   47   69   51   36    7   52   94   91   90   11   37    2   39   67   89   37   18    5   71  100   34   60   92    6   85   13   47   16   61   20   16   86   55    7   87   35   84   88   23   16   54   11   60   70   52   32   23   84   53   50   37   12   94   93   18   32   51    8   64    8   27   77   34   22   15   41   73   50   28   31   61   50   56   94   55

Add test =============================
The original arrays:
  -28   26   84   91   72  -23   47   22   36   59   82   -5  -30   -2   99  -75   66   90   23   39  -23  -44   87   42  -14   83   87   53  -40  -61   -2   81   78   65   17  -75   99  -47  -78   22   60   49   39   68  -73   15  -36   34  -22   72   95  -84   50    6   86  -82   63   85  -57  -37   -3  -28    8    0    6   32   22   72  -99  -32   68  -10   38  -97  -59  -59  -38  -41   97   85   15   52  -69  -45  -52   74   92   -1   77   21  -74  -98   42  -99  -87   90  -75   46   67   11

  -15  -24  -83  -19   30   91  -75   95   96   91  -26    3   13   99  -77  -18   -5  -74  -64  -89   25  -34   61   15  -38   -3   17   87   84    3  -80  -34  -52  -60   56  -68   93  -69  -79  -78   17  -72  -62   66   38   86   85   70   58   -3  -65   86  -68  -22   26   63    2   65   92  -52   16   63  -73    2   -7   82    0  -57  -84  -71   86    5  -65   13  -19   61   23   67  -78  -10  -98   11   53  -22   76   31  -46   39   90  -13   96   35  -78   42  -66  -19   -1    8   57   -4
The sum of the two arrays:
  -43    2    1   72  102   68  -28  117  132  150   56   -2  -17   97   22  -93   61   16  -41  -50    2  -78  148   57  -52   80  104  140   44  -58  -82   47   26    5   73 -143  192 -116 -157  -56   77  -23  -23  134  -35  101   49  104   36   69   30    2  -18  -16  112  -19   65  150   35  -89   13   35  -65    2   -1  114   22   15 -183 -103  154   -5  -27  -84  -78    2  -15   26   19   75  -83   63  -16  -67   24  105   46   38  167    8   22  -63  -36  -57 -153   71  -76   54  124    7

Scalar multiply test =============================
The original array:
  -58  -85  -51  -59  -66   67   -8  -36  -88   16  -72   32  -67   85   50   38  -91   66  -75  -37  -86  -32  -87   35   94  -28  -92  -77   44  -52  -14  -83   74   18   17  -70  -98   28  -95  -92  -81  -67  -68    4  -67  -28   72  -56   80   52  -43   13   86   14  -59  -58  -88  -30  -65   31   14   36  -86  -24  -18   29  -96  -96   68   13  -21  -83  -77  -72  -78  -24   50  -61  -51  -44  -96  -28  -89    4  -47   27   58    3   29    8   23    5   59  -17  -72  -70  -59   51   11  -24
The array multiplied by 2
 -116 -170 -102 -118 -132  134  -16  -72 -176   32 -144   64 -134  170  100   76 -182  132 -150  -74 -172  -64 -174   70  188  -56 -184 -154   88 -104  -28 -166  148   36   34 -140 -196   56 -190 -184 -162 -134 -136    8 -134  -56  144 -112  160  104  -86   26  172   28 -118 -116 -176  -60 -130   62   28   72 -172  -48  -36   58 -192 -192  136   26  -42 -166 -154 -144 -156  -48  100 -122 -102  -88 -192  -56 -178    8  -94   54  116    6   58   16   46   10  118  -34 -144 -140 -118  102   22  -48
And now multiplied by 5
 -580 -850 -510 -590 -660  670  -80 -360 -880  160 -720  320 -670  850  500  380 -910  660 -750 -370 -860 -320 -870  350  940 -280 -920 -770  440 -520 -140 -830  740  180  170 -700 -980  280 -950 -920 -810 -670 -680   40 -670 -280  720 -560  800  520 -430  130  860  140 -590 -580 -880 -300 -650  310  140  360 -860 -240 -180  290 -960 -960  680  130 -210 -830 -770 -720 -780 -240  500 -610 -510 -440 -960 -280 -890   40 -470  270  580   30  290   80  230   50  590 -170 -720 -700 -590  510  110 -240

Dot product test =============================
The original arrays:
   -5   -2   10    4    9    9   -5    4  -10   -8   -9  -10    6    2    8   -2    2    6    6  -10    2    3    3   -5   10    6    4   -2    6   -7    3   -3    5   -8    5  -10    9   -6   -3   -7    2    5   -3   -7    6   -9    4   -2    8  -10   10    8    5    7    9   -2    9    0    8   10    1    9   -8   -1   -3    5   -9    2    9    7    2    3    1    9   -6   -4   -2   -6    7   -1    8    7  -10   -7    6    4   -2   -4   10    8   -8    6    8    2   -4   -5    1    0    4   -9

   -9    9   -8    9    2   10   -6    0    6    4   -3   -8    6   -6    4   -1  -10    1  -10   -5   -4    3   -9  -10    3    7    0    5    0   -3   -3    7   -6    3    5    5    4    2    0    0    7    3   -9   -1   -9   -4   -5   -2   -4   -3  -10   -8   -2   -7    3   -7   -9  -10    0    6  -10    9   -9    0   -9   -1    9    8    7   -5    7    0    9    0    4   -8    0    9   -6   -4    0    7    3    4   -3    1    1    3   -9    8   -1  -10   -2    1   -3   -3   -9    7    5    1
The dot product of a and b is -17
The dot product of a and b is 4066
The dot product of a and b is 3566

Cross product test =============================
The original arrays:
   -6   -4   -3

   -1    7    5
The cross product of a x b is:    1   33  -46

The original arrays:
    6    8    3

   -6    1    0
The cross product of a x b is:   -3  -18   54

The original arrays:
    6   -1   -4

    3  -10    5
The cross product of a x b is:  -45  -42  -57

The original arrays:
   10    9   -7

   -2    4   -5
The cross product of a x b is:  -17   64   58

The original arrays:
   -1    8   10

   -8    1   -3
The cross product of a x b is:  -34  -83   63

The original arrays:
    8   -4   -7

    8    0   -9
The cross product of a x b is:   36   16   32

The original arrays:
   -8   -2   -7

   -6    1   10
The cross product of a x b is:  -13  122  -20

The original arrays:
   -2   -1   -5

   -3   -7   -8
The cross product of a x b is:  -27   -1   11

The original arrays:
    0   -4    6

   -8   -5   -9
The cross product of a x b is:   66  -48  -32

The original arrays:
   -6    7    8

   -1    8   -1
The cross product of a x b is:  -71  -14  -41

