Approximations for e

Iteration       e Value
--------------------------------
         1      1.000000000000
         2      2.000000000000
         3      2.500000000000
         4      2.666666666667
         5      2.708333333333
         6      2.716666666667
         7      2.718055555556
         8      2.718253968254
         9      2.718278769841
        10      2.718281525573
        11      2.718281801146
        12      2.718281826198
        13      2.718281828286
        14      2.718281828804
        15      2.718281829586
